5.749821452000000374e-03 -5.090228312588672638e+09
1.023557016999999958e-02 -2.328477016711959988e+07
1.526210861999999918e-02 2.015490111236399889e+09
2.031268157999999852e-02 2.803537432090799332e+09
2.516689365999999831e-02 1.503983599772400141e+09
3.020485569000000078e-02 1.568476911628399849e+09
3.517139455999999942e-02 1.144356148468400002e+09
4.012841748999999847e-02 9.384544249363996983e+08
4.507161150999999810e-02 7.757805783303999901e+08
5.004095302000000078e-02 6.538703773184001446e+08
5.507534802999999868e-02 5.281423357643999457e+08
6.006979523000000043e-02 4.607727228559998870e+08
6.512571352000000313e-02 3.781642191056000590e+08
7.011276800000000586e-02 3.487615083915998936e+08
7.502157176000000260e-02 2.835491892568399906e+08
8.004289480000000012e-02 2.549203001130400002e+08
8.504872849000000290e-02 2.059270244835200012e+08
9.004322416000000440e-02 1.766275333990399837e+08
9.502533438000000665e-02 1.336452074876399636e+08
1.000098048000000045e-01 1.200166452306399941e+08
1.050414902000000039e-01 1.098485741791200042e+08
1.100224011999999946e-01 8.816568667163999379e+07
1.150261382999999971e-01 8.029861096711999178e+07
1.200170156999999932e-01 6.829003404860000312e+07
1.250220153999999917e-01 6.053666632572000474e+07
1.300299447999999913e-01 4.898769355780000985e+07
1.350222863999999967e-01 4.524194392359999567e+07
1.400573883000000019e-01 4.197923125971999764e+07
1.450259341000000035e-01 3.593869226760001481e+07
1.500208962000000035e-01 3.141653393539999425e+07
1.550252591999999874e-01 2.882549608963999152e+07
1.600350037999999919e-01 2.447688732112000883e+07
1.650518757999999975e-01 2.140022556039999798e+07
1.700369519000000107e-01 1.721866569984000176e+07
1.750324034999999889e-01 1.598003107940000296e+07
1.800327620000000128e-01 1.318759753491999954e+07
1.850402522000000050e-01 1.330768117583999783e+07
1.900268005000000093e-01 1.142620512347999774e+07
1.950021078999999991e-01 8.496381923400001600e+06
2.000175532000000034e-01 7.295175417819999158e+06
2.050254397999999867e-01 6.389438864339999855e+06
2.100192253000000009e-01 5.305038215695999563e+06
2.150235125999999941e-01 5.163637660191998817e+06
2.200168332000000115e-01 3.950604484643999953e+06
2.250158395000000089e-01 3.515596105884000193e+06
2.300283425000000104e-01 2.985717949284000788e+06
2.350266310999999941e-01 1.873216453988000052e+06
2.400277047999999913e-01 1.710765976027999772e+06
2.450343767000000006e-01 1.132623197188000195e+06
2.500284222999999972e-01 6.203640994660001015e+05
2.550135523000000015e-01 3.407444615651999484e+05
2.600104261999999777e-01 -2.582385133800002586e+04
2.650264449999999994e-01 -2.106491442122799926e+05
2.700239790999999778e-01 -6.744540285776001401e+05
2.750214206000000106e-01 -7.242951758276000619e+05
2.800271402000000243e-01 -9.573949438241601456e+05
2.850330764999999822e-01 -1.153901052892240230e+06
2.900181177000000221e-01 -9.356757677884001750e+05
2.950002099999999849e-01 -1.186973202868799912e+06
3.000130181999999812e-01 -1.455248862599999877e+06
3.050127028999999879e-01 -1.522180329223999986e+06
3.100223107999999783e-01 -1.665086817772000330e+06
3.150107920999999922e-01 -1.743686901384000201e+06
3.200085793999999928e-01 -1.745626651135999942e+06
3.250245656999999899e-01 -1.738556711216000374e+06
3.300110280999999923e-01 -1.893848846356000053e+06
3.350135819000000237e-01 -1.834271050539999269e+06
3.400110644000000071e-01 -1.805244744243999477e+06
3.450110346999999966e-01 -1.941291592472000513e+06
3.500163259999999887e-01 -1.880376814916000003e+06
3.550142244000000225e-01 -1.944588503272000002e+06
3.600207995999999966e-01 -1.849008671043999493e+06
3.650118775000000260e-01 -1.962697527491999790e+06
3.700131461999999760e-01 -1.964276374244000297e+06
3.750178209999999734e-01 -1.914699238271999639e+06
3.800033046999999886e-01 -1.894993257464000024e+06
3.850156697000000072e-01 -1.855539662832000060e+06
3.900278186999999730e-01 -1.893397779055999592e+06
3.950099469000000196e-01 -1.877590436524000717e+06
4.000034444000000189e-01 -1.818475316464000614e+06
