5.749821452000000374e-03 -1.034980306379999518e+09
1.023557016999999958e-02 2.826395516063999653e+09
1.526210861999999918e-02 6.950817412888000488e+09
2.031268157999999852e-02 6.245080146059998512e+09
2.516689365999999831e-02 5.364547408048001289e+09
3.020485569000000078e-02 4.083706787963999748e+09
3.517139455999999942e-02 2.925859635047999859e+09
4.012841748999999847e-02 2.314424465735999584e+09
4.507161150999999810e-02 1.936333938287999868e+09
5.004095302000000078e-02 1.589497692883999825e+09
5.507534802999999868e-02 1.441349268412000179e+09
6.006979523000000043e-02 1.254511192099600077e+09
6.512571352000000313e-02 1.093430429497200012e+09
7.011276800000000586e-02 9.691837714787997007e+08
7.502157176000000260e-02 8.223239691419999599e+08
8.004289480000000012e-02 7.188584074575999975e+08
8.504872849000000290e-02 6.108949157267998457e+08
9.004322416000000440e-02 5.090249047479999065e+08
9.502533438000000665e-02 4.203190335396000147e+08
1.000098048000000045e-01 3.659855142172000408e+08
1.050414902000000039e-01 3.188955921760000587e+08
1.100224011999999946e-01 2.897323133743999600e+08
1.150261382999999971e-01 2.610323158867999613e+08
1.200170156999999932e-01 2.372286745908000171e+08
1.250220153999999917e-01 2.181450271255999804e+08
1.300299447999999913e-01 2.009815122635999918e+08
1.350222863999999967e-01 1.818251903728000522e+08
1.400573883000000019e-01 1.659053766007999778e+08
1.450259341000000035e-01 1.480675257123999894e+08
1.500208962000000035e-01 1.328646717647999972e+08
1.550252591999999874e-01 1.188419698383999765e+08
1.600350037999999919e-01 1.059064039407999963e+08
1.650518757999999975e-01 9.755862560720001161e+07
1.700369519000000107e-01 8.907675711159999669e+07
1.750324034999999889e-01 8.250769258439998329e+07
1.800327620000000128e-01 7.685755297120000422e+07
1.850402522000000050e-01 7.185349031200000644e+07
1.900268005000000093e-01 6.645373298999998719e+07
1.950021078999999991e-01 6.149303933959999681e+07
2.000175532000000034e-01 5.715390260960000753e+07
2.050254397999999867e-01 5.305874597079999000e+07
2.100192253000000009e-01 4.935314565079998970e+07
2.150235125999999941e-01 4.514883902199999988e+07
2.200168332000000115e-01 4.212407735439999402e+07
2.250158395000000089e-01 3.936755398719999939e+07
2.300283425000000104e-01 3.661794058640000224e+07
2.350266310999999941e-01 3.415245372320000082e+07
2.400277047999999913e-01 3.178654199920000136e+07
2.450343767000000006e-01 3.000013625559999794e+07
2.500284222999999972e-01 2.813872413720000163e+07
2.550135523000000015e-01 2.653318760919998959e+07
2.600104261999999777e-01 2.485594798040000349e+07
2.650264449999999994e-01 2.348418118839999661e+07
2.700239790999999778e-01 2.189751003719999641e+07
2.750214206000000106e-01 2.073454936560000107e+07
2.800271402000000243e-01 1.951791035600000247e+07
2.850330764999999822e-01 1.841613071399999782e+07
2.900181177000000221e-01 1.737344822760000080e+07
2.950002099999999849e-01 1.637859896480000205e+07
3.000130181999999812e-01 1.547022679959999956e+07
3.050127028999999879e-01 1.467118659719999880e+07
3.100223107999999783e-01 1.390616054680000059e+07
3.150107920999999922e-01 1.315549013639999926e+07
3.200085793999999928e-01 1.248485347719999775e+07
3.250245656999999899e-01 1.174253655839999765e+07
3.300110280999999923e-01 1.131674419400000386e+07
3.350135819000000237e-01 1.063281280400000140e+07
3.400110644000000071e-01 1.011063667779999785e+07
3.450110346999999966e-01 9.604950902800001204e+06
3.500163259999999887e-01 9.192916968320000917e+06
3.550142244000000225e-01 8.684114304560000077e+06
3.600207995999999966e-01 8.277515979879999533e+06
3.650118775000000260e-01 7.887676068240000866e+06
3.700131461999999760e-01 7.515231361879999749e+06
3.750178209999999734e-01 7.160007292960000224e+06
3.800033046999999886e-01 6.829095655760002322e+06
3.850156697000000072e-01 6.518434174720001407e+06
3.900278186999999730e-01 6.222879778359999880e+06
3.950099469000000196e-01 5.927867076280000620e+06
4.000034444000000189e-01 5.672064297920000739e+06
